0000000000000000000000000000000000000000000
0000000000000000000000000000000000000000000
0000000000000000000000000000000000000000000
0000000000000000000000000000000000000000000
0000000000000000000000000000000000000000000
0000000000000000000000000000000000000000000
0000000000000000000000000000000000000000000
0000000000000000000000000000000000000000000
0000000000000000000000000000000000000000000
0000000000000000000000000000000000000000000
0000000000000000000000000000000000000000000
0000000000000000000000000000000000000000000
0000000000000000000000000000000000000000000
0000000000000000000000000000000000000000000
0000000000000000000000000000000000000000000
0000000000000000000000000000000000000000000
0000000000000000000000000000000000000000000
0000000000000000000000000000000000000000000
0000000000000000000000000000000000000000000
0000000000000000000000000000000000000000000
0000000000000000000000000000000000000000000
0000000000000000000000000000000000000000000
0000000000000000000000000000000000000000000
0000000000000000000000000000000000000000000
0000000000000000000000000000000000000000000
1111111111111111111111111111111111111111110
1000000000000000000000000000000000000000010
1002002202200200220222202222222222220220010
1000220220220222222202222220222002220220010
1022000202022022222222002002022220200202010
1022022222200022222202202002220022020002010
1020220222202002202002202002220220220202010
1022202200202022202222222222200220222222010
1022022202022220222000202022222220202222010
1020222022200220222202022002222222220222010
1000222022222202022020222222222220220222010
1002202200222220222002220020002020000222010
1002002002022022200222222222020200220220010
1020022222202020000022222220020220202220010
1022220202202022222222222200022220222200010
1022202002220200020220200020222200022002010
1022002022022222000020002222022200022020010
1022222200002200220020222222022220200222010
1022222220022222022022222222200020222222010
1000000000000000000000000000000000000000010
1000000000000000000000000000000000000000010
1000000000000000000000000000000000000000010
1000000000000000000000000000000000000000010
1000000000000000000000000300000000000000010
1000000000000000000000040000000000000000010
111111111111111111111111111111111111111110
100000000000000000000000000000000000000001
100200220220020022022220222222222222022001
100022022022022222220222222022200222022001
102200020202202222222200200202222020020201
102202222220002222220220200222002202000201
102022022220200220200220200222022022020201
102220220020202220222222222220022022222201
102202220202222022200020202222222020222201
102022202220022022220202200222222222022201
100022202222220202202022222222222022022201
100220220022222022200222002000202000022201
100200200202202220022222222202020022022001
102002222220202000002222222002022020222001
102222020220202222222222220002222022220001
102220200222020002022020002022220002200201
102200202202222200002000222202220002202001
102222220000220022002022222202222020022201
102222222002222202202222222220002022222201
100000000000000000000000000000000000000001
100000000000000000000000000000000000000001
100000000000000000000000000000000000000001
100000000000000000000000000000000000000001
100000000000000000000000030000000000000001
100000000000000000000004000000000000000001
111111111111111111111111111111111111111110
100000000000000000000000000000000000000001
100200220220020022022220222222222222022001
100022022022022222220222222022200222022001
102200020202202222222200200202222020020201
102202222220002222220220200222002202000201
102022022220200220200220200222022022020201
102220220020202220222222222220022022222201
102202220202222022200020202222222020222201
102022202220022022220202200222222222022201
100022202222220202202022222222222022022201
100220220022222022200222002000202000022201
100200200202202220022222222202020022022001
102002222220202000002222222002022020222001
102222020220202222222222220002222022220001
102220200222020002022020002022220002200201
102200202202222200002000222202220002202001
102222220000220022002022222202222020022201
102222222002222202202222222220002022222201
100000000000000000000000000000000000000001
100000000000000000000000000000000000000001
100000000000000000000000000000000000000001
100000000000000000000000000000000000000001
100000000000000000000000030000000000000001
100000000000000000000004000000000000000001
111111111111111111111111111111111111111110
100000000000000000000000000000000000000001
100200220220020022022220222222222222022001
100022022022022222220222222022200222022001
102200020202202222222200200202222020020201
102202222220002222220220200222002202000201
102022022220200220200220200222022022020201
102220220020202220222222222220022022222201
102202220202222022200020202222222020222201
102022202220022022220202200222222222022201
100022202222220202202022222222222022022201
100220220022222022200222002000202000022201
100200200202202220022222222202020022022001
102002222220202000002222222002022020222001
102222020220202222222222220002222022220001
102220200222020002022020002022220002200201
102200202202222200002000222202220002202001
102222220000220022002022222202222020022201
102222222002222202202222222220002022222201
100000000000000000000000000000000000000001
100000000000000000000000000000000000000001
100000000000000000000000000000000000000001
100000000000000000000000000000000000000001
100000000000000000000000030000000000000001
100000000000000000000004000000000000000001
1111111111111111111111111111111111111111121426
100000000000000000000000000000000000000001
100000000000000000000000000000000000000001
100000000000000000000000000000000000000001
100000000000000000000000000000000000000001
100000000000000000000000000000000000000001
100000040000000000000000000000000000000001
100000000000000000000000000000000000000001
100000000000000000000000000000000000000001
100000000000000000000000000000000000000001
100000000000000000000000000000000000000001
100000000000000000000000000000000000000001
100000000000000000000000000000000000000001
100000000000000000000000000000000000000001
100000000000000000000000000000000000000001
100000000000000000000000000000000000000001
100000000000000000000000000000000000000001
100000000000000000000000000000000000000001
100000000000000000000000000000000000000001
100000000000000000000000000000000000000001
100000000000000000000000000000000000000001
100000000000000000000000000000000000000001
100000000000000000000000000000000000000001
100000030000000000000000000000000000000001
100000000000000000000000000000000000000001
1111111111111111111111111111111111111111121426
100000000000000000000000000000000000000001
100000000000000000000000000000000000000001
100000000000000000000000000000000000000001
100000000000000000000000000000000000000001
100000000000000000000000000000000000000001
100000040000000000000000000000000000000001
100000000000000000000000000000000000000001
100000000000000000000000000000000000000001
100000000000000000000000000000000000000001
100000000000000000000000000000000000000001
100000000000000000000000000000000000000001
100000000000000000000000000000000000000001
100000000000000000000000000000000000000001
100000000000000000000000000000000000000001
100000000000000000000000000000000000000001
100000000000000000000000000000000000000001
100000000000000000000000000000000000000001
100000000000000000000000000000000000000001
100000000000000000000000000000000000000001
100000000000000000000000000000000000000001
100000000000000000000000000000000000000001
100000000000000000000000000000000000000001
100000030000000000000000000000000000000001
100000000000000000000000000000000000000001
1111111111111111111111111111111111111111121426
100000000000000000000000000000000000000001
100000000000000000000000000000000000000001
100000000000000000000000000000000000000001
100000000000000000000000000000000000000001
100000000000000000000000000000000000000001
100000040000000000000000000000000000000001
100000000000000000000000000000000000000001
100000000000000000000000000000000000000001
100000000000000000000000000000000000000001
100000000000000000000000000000000000000001
100000000000000000000000000000000000000001
100000000000000000000000000000000000000001
100000000000000000000000000000000000000001
100000000000000000000000000000000000000001
100000000000000000000000000000000000000001
100000000000000000000000000000000000000001
100000000000000000000000000000000000000001
100000000000000000000000000000000000000001
100000000000000000000000000000000000000001
100000000000000000000000000000000000000001
100000000000000000000000000000000000000001
100000000000000000000000000000000000000001
100000030000000000000000000000000000000001
100000000000000000000000000000000000000001
000000000000000000000000000000000000000000
000000000000000000000000000000000000000000
000000000000000000000000000000000000000000
000000000000000000000000000000000000000000
000000000000000000000000000000000000000000
000000000000000000000000000000000000000000
000000000000000000000000000000000000000000
000000000000000000000000000000000000000000
000000000000000000000000000000000000000000
000000000000000000000000000000000000000000
000000000000000000000000000000000000000000
000000000000000000000200000000000000000000
000000000000000000003000000000000000000000
000000000000000000000200000000000000000000
000000000000000000000000000000000000000000
000000000000000000000000000000000000000000
000000000000000000000000000000000000000000
000000000000000000000000000000000000000000
000000000000000000000000000000000000000000
000000000000000000000000000000000000000000
000000000000000000000000000000000000000000
000000000000000000000000000000000000000000
000000000000000000000000000000000000000000
000000000000000000000000000000000000000000
000000000000000000000000000000000000000000
000000000000000000000000000000000000000000
000000000000000000000000000000000000000000
000000000000000000000000000000000000000000
000000000000000000000000000000000000000000
000000000000000000000000000000000000000000
000000000000000000000000000000000000000000
000000000000000000000000000000000000000000
000000000000000000000000000000000000000000
000000000000000000000000000000000000000000
000000000000000000000000000000000000000000
000000000000000000000000000000000000000000
000000000000000000000000000000000000000000
000000000000000000000000000000000000000000
000000000000000000000000000000000000000000
000000000000000000000000000000000000000000
000000000000000000000000000000000000000000
000000000000000000000000000000000000000000
000000000000000000000000000000000000000000
000000000000000000000000000000000000000000
000000000000000000000000000000000000000000
000000000000000000000000000000000000000000
000000000000000000000000000000000000000000
000000000000000000000000000000000000000000
000000000000000000000000000000000000000000
000000000000000000000000000000000000000000
000000000000000000000000000000000000000000
000000000000000000000000000000000000000000
000000000000000000000000000000000000000000
000000000000000000000000000000000000000000
000000000000000000000000000000000000000000
000000000000000000000000000000000000000000
000000000000000000000000000000000000000000
000000000000000000000000000000000000000000
000000000000000000000000000000000000000000
000000000000000000000000000000000000000000
000000000000000000000000000000000000000000
000000000000000000000000000000000000000000
000000000000000000000000000000000000000000
000000000000000000000000000000000000000000
000000000000000000000000000000000000000000
000000000000000000000000000000000000000000
000000000000000000000000000000000000000000
000000000000000000000000000000000000000000
000000000000000000000000000000000000000000
000000000000000000000000000000000000000000
000000000000000000000000000000000000000000
000000000000000000000000000000000000000000
000000000000000000000000000000000000000000
000000000000000000000000000000000000000000
000000000000000000000000000000000000000000
000000000000000000000000000000000000000000
000000000000000000000000000000000000000000
000000000000000000000000000000000000000000
000000000000000000000000000000000000000000
000000000000000000000000000000000000000000
000000000000000000000000000000000000000000
000000000000000000000000000000000000000000
000000000000000000000000000000000000000000
000000000000000000000000000000000000000000
000000000000000000000000000000000000000000
000000000000000000000000000000000000000000
000000000000000000000000000000000000000000
000000000000000000000000000000000000000000
000000000000000000000000000000000000000000
000000000000000000000000000000000000000000
000000000000000000000000000000000000000000
000000000000000000000000000000000000000000
000000000000000000000000000000000000000000
000000000000000000000000000000000000000000
000000000000000000000000000000000000000000
000000000000000000000000000000000000000000
000000000000000000000000000000000000000000
000000000000000000000000000000000000000000
000000000000000000000000000000000000000000
000000000000000000000000000000000000000000
1111111111111111111111111111111111111111121426
100000000000000000000000000000000000000001
100000000000000000000000000000000000000001
100000000000000000000000000000000000000001
100000000000000000000000000000000000000001
100000000000000000000000000000000000000001
100000040000000000000000000000000000000001
100000000000000000000000000000000000000001
100000000000000000000000000000000000000001
100000000000000000000000000000000000000001
100000000000000000000000000000000000000001
100000000000000000000000000000000000000001
100000000000000000000000000000000000000001
100000000000000000000000000000000000000001
100000000000000000000000000000000000000001
100000000000000000000000000000000000000001
100000000000000000000000000000000000000001
100000000000000000000000000000000000000001
100000000000000000000000000000000000000001
100000000000000000000000000000000000000001
100000000000000000000000000000000000000001
100000000000000000000000000000000000000001
100000000000000000000000000000000000000001
100000030000000000000000000000000000000001
100000000000000000000000000000000000000001
